
[nx,ny,nz] = deal( 51, 51, 1);
[Lx,Ly,Lz] = deal( 5000, 5000, 75);
G = cartGrid([nx, ny, nz], [Lx, Ly, Lz ]);
G = computeGeometry(G);


pressure = [6000.0, 6000.0, 6000.0, 6000.0, 6000.0, 6000.0, 6000.0, 6000.0, 6000.0, 6000.0, 6000.0, 6000.0, 6000.0, 6000.0, 6000.0, 6000.0, 6000.0, 6000.0, 6000.0, 6000.0, 6000.0, 6000.0, 6000.0, 6000.0, 6000.0, 6000.0, 6000.0, 6000.0, 6000.0, 6000.0, 6000.0, 6000.0, 6000.0, 6000.0, 6000.0, 6000.0, 6000.0, 6000.0, 6000.0, 6000.0, 6000.0, 6000.0, 6000.0, 6000.0, 6000.0, 6000.0, 6000.0, 6000.0, 6000.0, 6000.0, 6000.0, 6000.0, 6000.0, 6000.0, 6000.0, 6000.0, 6000.0, 6000.0, 6000.0, 6000.0, 6000.0, 6000.0, 6000.0, 6000.0, 6000.0, 6000.0, 6000.0, 6000.0, 6000.0, 6000.0, 6000.0, 6000.0, 6000.0, 6000.0, 6000.0, 6000.0, 6000.0, 6000.0, 6000.0, 6000.0, 6000.0, 6000.0, 6000.0, 6000.0, 6000.0, 6000.0, 6000.0, 6000.0, 6000.0, 6000.0, 6000.0, 6000.0, 6000.0, 6000.0, 6000.0, 6000.0, 6000.0, 6000.0, 6000.0, 6000.0, 6000.0, 6000.0, 6000.0, 6000.0, 6000.0, 6000.0, 6000.0, 6000.0, 6000.0, 6000.0, 6000.0, 6000.0, 6000.0, 6000.0, 6000.0, 6000.0, 6000.0, 6000.0, 6000.0, 6000.0, 6000.0, 6000.0, 6000.0, 6000.0, 6000.0, 6000.0, 6000.0, 6000.0, 6000.0, 6000.0, 6000.0, 6000.0, 6000.0, 6000.0, 6000.0, 6000.0, 6000.0, 6000.0, 6000.0, 6000.0, 6000.0, 6000.0, 6000.0, 6000.0, 6000.0, 6000.0, 6000.0, 6000.0, 6000.0, 6000.0, 6000.0, 6000.0, 6000.0, 6000.0, 6000.0, 6000.0, 6000.0, 6000.0, 6000.0, 6000.0, 6000.0, 6000.0, 6000.0, 6000.0, 6000.0, 6000.0, 6000.0, 6000.0, 6000.0, 6000.0, 6000.0, 6000.0, 6000.0, 6000.0, 6000.0, 6000.0, 6000.0, 6000.0, 6000.0, 6000.0, 6000.0, 6000.0, 6000.0, 6000.0, 6000.0, 6000.0, 6000.0, 6000.0, 6000.0, 6000.0, 6000.0, 6000.0, 6000.0, 6000.0, 6000.0, 6000.0, 6000.0, 6000.0, 6000.0, 6000.0, 6000.0, 6000.0, 6000.0, 6000.0, 6000.0, 6000.0, 6000.0, 6000.0, 6000.0, 6000.0, 6000.0, 6000.0, 6000.0, 6000.0, 6000.0, 6000.0, 6000.0, 6000.0, 6000.0, 6000.0, 6000.0, 6000.0, 6000.0, 6000.0, 6000.0, 6000.0, 6000.0, 6000.0, 6000.0, 6000.0, 6000.0, 6000.0, 6000.0, 6000.0, 6000.0, 6000.0, 6000.0, 6000.0, 6000.0, 6000.0, 6000.0, 6000.0, 6000.0, 6000.0, 6000.0, 6000.0, 6000.0, 6000.0, 6000.0, 6000.0, 6000.0, 6000.0, 6000.0, 6000.0, 6000.0, 6000.0, 6000.0, 6000.0, 6000.0, 6000.0, 6000.0, 6000.0, 6000.0, 6000.0, 6000.0, 6000.0, 6000.0, 6000.0, 6000.0, 6000.0, 6000.0, 6000.0, 6000.0, 6000.0, 6000.0, 6000.0, 6000.0, 6000.0, 6000.0, 6000.0, 6000.0, 6000.0, 6000.0, 6000.0, 6000.0, 6000.0, 6000.0, 6000.0, 6000.0, 6000.0, 6000.0, 6000.0, 6000.0, 6000.0, 6000.0, 6000.0, 6000.0, 6000.0, 6000.0, 6000.0, 6000.0, 6000.0, 6000.0, 6000.0, 6000.0, 6000.0, 6000.0, 6000.0, 6000.0, 6000.0, 6000.0, 6000.0, 6000.0, 6000.0, 6000.0, 6000.0, 6000.0, 6000.0, 6000.0, 6000.0, 6000.0, 6000.0, 6000.0, 6000.0, 6000.0, 6000.0, 6000.0, 6000.0, 6000.0, 6000.0, 6000.0, 6000.0, 6000.0, 6000.0, 6000.0, 6000.0, 6000.0, 6000.0, 6000.0, 6000.0, 6000.0, 6000.0, 6000.0, 6000.0, 6000.0, 6000.0, 6000.0, 6000.0, 6000.0, 6000.0, 6000.0, 6000.0, 6000.0, 6000.0, 6000.0, 6000.0, 6000.0, 6000.0, 6000.0, 6000.0, 6000.0, 6000.0, 6000.0, 6000.0, 6000.0, 6000.0, 6000.0, 6000.0, 6000.0, 6000.0, 6000.0, 6000.0, 6000.0, 6000.0, 6000.0, 6000.0, 6000.0, 5999.9999, 5999.9999, 5999.9999, 5999.9999, 5999.9999, 5999.9999, 5999.9999, 5999.9999, 5999.9999, 5999.9999, 5999.9999, 6000.0, 6000.0, 6000.0, 6000.0, 6000.0, 6000.0, 6000.0, 6000.0, 6000.0, 6000.0, 6000.0, 6000.0, 6000.0, 6000.0, 6000.0, 6000.0, 6000.0, 6000.0, 6000.0, 6000.0, 6000.0, 6000.0, 6000.0, 6000.0, 6000.0, 6000.0, 6000.0, 6000.0, 6000.0, 6000.0, 6000.0, 6000.0, 6000.0, 6000.0, 6000.0, 6000.0, 6000.0, 6000.0, 5999.9999, 5999.9999, 5999.9999, 5999.9998, 5999.9998, 5999.9997, 5999.9997, 5999.9997, 5999.9997, 5999.9997, 5999.9998, 5999.9998, 5999.9999, 5999.9999, 5999.9999, 6000.0, 6000.0, 6000.0, 6000.0, 6000.0, 6000.0, 6000.0, 6000.0, 6000.0, 6000.0, 6000.0, 6000.0, 6000.0, 6000.0, 6000.0, 6000.0, 6000.0, 6000.0, 6000.0, 6000.0, 6000.0, 6000.0, 6000.0, 6000.0, 6000.0, 6000.0, 6000.0, 6000.0, 6000.0, 6000.0, 6000.0, 6000.0, 6000.0, 6000.0, 5999.9999, 5999.9999, 5999.9998, 5999.9998, 5999.9996, 5999.9995, 5999.9993, 5999.9992, 5999.9991, 5999.9991, 5999.9991, 5999.9992, 5999.9993, 5999.9995, 5999.9996, 5999.9998, 5999.9998, 5999.9999, 5999.9999, 6000.0, 6000.0, 6000.0, 6000.0, 6000.0, 6000.0, 6000.0, 6000.0, 6000.0, 6000.0, 6000.0, 6000.0, 6000.0, 6000.0, 6000.0, 6000.0, 6000.0, 6000.0, 6000.0, 6000.0, 6000.0, 6000.0, 6000.0, 6000.0, 6000.0, 6000.0, 6000.0, 6000.0, 6000.0, 6000.0, 6000.0, 5999.9999, 5999.9999, 5999.9998, 5999.9996, 5999.9994, 5999.999, 5999.9987, 5999.9982, 5999.9979, 5999.9976, 5999.9975, 5999.9976, 5999.9979, 5999.9982, 5999.9987, 5999.999, 5999.9994, 5999.9996, 5999.9998, 5999.9999, 5999.9999, 6000.0, 6000.0, 6000.0, 6000.0, 6000.0, 6000.0, 6000.0, 6000.0, 6000.0, 6000.0, 6000.0, 6000.0, 6000.0, 6000.0, 6000.0, 6000.0, 6000.0, 6000.0, 6000.0, 6000.0, 6000.0, 6000.0, 6000.0, 6000.0, 6000.0, 6000.0, 6000.0, 6000.0, 6000.0, 5999.9999, 5999.9998, 5999.9997, 5999.9994, 5999.999, 5999.9984, 5999.9975, 5999.9965, 5999.9954, 5999.9944, 5999.9936, 5999.9933, 5999.9936, 5999.9944, 5999.9954, 5999.9965, 5999.9975, 5999.9984, 5999.999, 5999.9994, 5999.9997, 5999.9998, 5999.9999, 6000.0, 6000.0, 6000.0, 6000.0, 6000.0, 6000.0, 6000.0, 6000.0, 6000.0, 6000.0, 6000.0, 6000.0, 6000.0, 6000.0, 6000.0, 6000.0, 6000.0, 6000.0, 6000.0, 6000.0, 6000.0, 6000.0, 6000.0, 6000.0, 6000.0, 6000.0, 6000.0, 5999.9999, 5999.9998, 5999.9996, 5999.9992, 5999.9986, 5999.9975, 5999.996, 5999.9938, 5999.9912, 5999.9882, 5999.9854, 5999.9833, 5999.9826, 5999.9833, 5999.9854, 5999.9882, 5999.9912, 5999.9938, 5999.996, 5999.9975, 5999.9986, 5999.9992, 5999.9996, 5999.9998, 5999.9999, 6000.0, 6000.0, 6000.0, 6000.0, 6000.0, 6000.0, 6000.0, 6000.0, 6000.0, 6000.0, 6000.0, 6000.0, 6000.0, 6000.0, 6000.0, 6000.0, 6000.0, 6000.0, 6000.0, 6000.0, 6000.0, 6000.0, 6000.0, 6000.0, 6000.0, 5999.9999, 5999.9998, 5999.9995, 5999.9991, 5999.9982, 5999.9967, 5999.9942, 5999.9904, 5999.985, 5999.9781, 5999.9704, 5999.963, 5999.9575, 5999.9555, 5999.9575, 5999.963, 5999.9704, 5999.9781, 5999.985, 5999.9904, 5999.9942, 5999.9967, 5999.9982, 5999.9991, 5999.9995, 5999.9998, 5999.9999, 6000.0, 6000.0, 6000.0, 6000.0, 6000.0, 6000.0, 6000.0, 6000.0, 6000.0, 6000.0, 6000.0, 6000.0, 6000.0, 6000.0, 6000.0, 6000.0, 6000.0, 6000.0, 6000.0, 6000.0, 6000.0, 6000.0, 6000.0, 5999.9999, 5999.9998, 5999.9995, 5999.999, 5999.998, 5999.996, 5999.9926, 5999.9867, 5999.9776, 5999.9644, 5999.9473, 5999.9276, 5999.9085, 5999.8943, 5999.889, 5999.8943, 5999.9085, 5999.9276, 5999.9473, 5999.9644, 5999.9776, 5999.9867, 5999.9926, 5999.996, 5999.998, 5999.999, 5999.9995, 5999.9998, 5999.9999, 6000.0, 6000.0, 6000.0, 6000.0, 6000.0, 6000.0, 6000.0, 6000.0, 6000.0, 6000.0, 6000.0, 6000.0, 6000.0, 6000.0, 6000.0, 6000.0, 6000.0, 6000.0, 6000.0, 6000.0, 6000.0, 5999.9999, 5999.9998, 5999.9996, 5999.9991, 5999.998, 5999.9958, 5999.9916, 5999.9839, 5999.9707, 5999.9495, 5999.9184, 5999.8768, 5999.828, 5999.7798, 5999.7434, 5999.7298, 5999.7434, 5999.7798, 5999.828, 5999.8768, 5999.9184, 5999.9495, 5999.9707, 5999.9839, 5999.9916, 5999.9958, 5999.998, 5999.9991, 5999.9996, 5999.9998, 5999.9999, 6000.0, 6000.0, 6000.0, 6000.0, 6000.0, 6000.0, 6000.0, 6000.0, 6000.0, 6000.0, 6000.0, 6000.0, 6000.0, 6000.0, 6000.0, 6000.0, 6000.0, 6000.0, 6000.0, 5999.9999, 5999.9999, 5999.9997, 5999.9992, 5999.9982, 5999.996, 5999.9916, 5999.9828, 5999.9664, 5999.9376, 5999.8904, 5999.819, 5999.7215, 5999.6041, 5999.4853, 5999.3941, 5999.3595, 5999.3941, 5999.4853, 5999.6041, 5999.7215, 5999.819, 5999.8904, 5999.9376, 5999.9664, 5999.9828, 5999.9916, 5999.996, 5999.9982, 5999.9992, 5999.9997, 5999.9999, 5999.9999, 6000.0, 6000.0, 6000.0, 6000.0, 6000.0, 6000.0, 6000.0, 6000.0, 6000.0, 6000.0, 6000.0, 6000.0, 6000.0, 6000.0, 6000.0, 6000.0, 6000.0, 6000.0, 5999.9999, 5999.9998, 5999.9994, 5999.9986, 5999.9967, 5999.9926, 5999.9839, 5999.9664, 5999.9331, 5999.8729, 5999.7716, 5999.6144, 5999.3932, 5999.1194, 5998.8349, 5998.6114, 5998.5254, 5998.6114, 5998.8349, 5999.1194, 5999.3932, 5999.6144, 5999.7716, 5999.8729, 5999.9331, 5999.9664, 5999.9839, 5999.9926, 5999.9967, 5999.9986, 5999.9994, 5999.9998, 5999.9999, 6000.0, 6000.0, 6000.0, 6000.0, 6000.0, 6000.0, 6000.0, 6000.0, 6000.0, 6000.0, 6000.0, 6000.0, 6000.0, 6000.0, 6000.0, 6000.0, 6000.0, 5999.9999, 5999.9998, 5999.9996, 5999.999, 5999.9975, 5999.9942, 5999.9867, 5999.9707, 5999.9376, 5999.8729, 5999.7531, 5999.5456, 5999.2136, 5998.7317, 5998.1152, 5997.4533, 5996.9181, 5996.7075, 5996.9181, 5997.4533, 5998.1152, 5998.7317, 5999.2136, 5999.5456, 5999.7531, 5999.8729, 5999.9376, 5999.9707, 5999.9867, 5999.9942, 5999.9975, 5999.999, 5999.9996, 5999.9998, 5999.9999, 6000.0, 6000.0, 6000.0, 6000.0, 6000.0, 6000.0, 6000.0, 6000.0, 6000.0, 6000.0, 6000.0, 6000.0, 6000.0, 6000.0, 6000.0, 6000.0, 5999.9999, 5999.9998, 5999.9994, 5999.9984, 5999.996, 5999.9904, 5999.9776, 5999.9495, 5999.8904, 5999.7716, 5999.5456, 5999.1421, 5998.4748, 5997.471, 5996.1365, 5994.6449, 5993.391, 5992.8815, 5993.391, 5994.6449, 5996.1365, 5997.471, 5998.4748, 5999.1421, 5999.5456, 5999.7716, 5999.8904, 5999.9495, 5999.9776, 5999.9904, 5999.996, 5999.9984, 5999.9994, 5999.9998, 5999.9999, 6000.0, 6000.0, 6000.0, 6000.0, 6000.0, 6000.0, 6000.0, 6000.0, 6000.0, 6000.0, 6000.0, 6000.0, 6000.0, 6000.0, 6000.0, 5999.9999, 5999.9999, 5999.9996, 5999.999, 5999.9975, 5999.9938, 5999.985, 5999.9644, 5999.9184, 5999.819, 5999.6144, 5999.2136, 5998.4748, 5997.2083, 5995.2242, 5992.463, 5989.2166, 5986.3372, 5985.1044, 5986.3372, 5989.2166, 5992.463, 5995.2242, 5997.2083, 5998.4748, 5999.2136, 5999.6144, 5999.819, 5999.9184, 5999.9644, 5999.985, 5999.9938, 5999.9975, 5999.999, 5999.9996, 5999.9999, 5999.9999, 6000.0, 6000.0, 6000.0, 6000.0, 6000.0, 6000.0, 6000.0, 6000.0, 6000.0, 6000.0, 6000.0, 6000.0, 6000.0, 6000.0, 5999.9999, 5999.9998, 5999.9995, 5999.9987, 5999.9965, 5999.9912, 5999.9781, 5999.9473, 5999.8768, 5999.7215, 5999.3932, 5998.7317, 5997.471, 5995.2242, 5991.5394, 5986.1238, 5979.3302, 5972.8294, 5969.7846, 5972.8294, 5979.3302, 5986.1238, 5991.5394, 5995.2242, 5997.471, 5998.7317, 5999.3932, 5999.7215, 5999.8768, 5999.9473, 5999.9781, 5999.9912, 5999.9965, 5999.9987, 5999.9995, 5999.9998, 5999.9999, 6000.0, 6000.0, 6000.0, 6000.0, 6000.0, 6000.0, 6000.0, 6000.0, 6000.0, 6000.0, 6000.0, 6000.0, 6000.0, 6000.0, 5999.9999, 5999.9998, 5999.9993, 5999.9982, 5999.9954, 5999.9882, 5999.9704, 5999.9276, 5999.828, 5999.6041, 5999.1194, 5998.1152, 5996.1365, 5992.463, 5986.1238, 5976.184, 5962.6275, 5948.1536, 5940.2121, 5948.1536, 5962.6275, 5976.184, 5986.1238, 5992.463, 5996.1365, 5998.1152, 5999.1194, 5999.6041, 5999.828, 5999.9276, 5999.9704, 5999.9882, 5999.9954, 5999.9982, 5999.9993, 5999.9998, 5999.9999, 6000.0, 6000.0, 6000.0, 6000.0, 6000.0, 6000.0, 6000.0, 6000.0, 6000.0, 6000.0, 6000.0, 6000.0, 6000.0, 6000.0, 5999.9999, 5999.9997, 5999.9992, 5999.9979, 5999.9944, 5999.9854, 5999.963, 5999.9085, 5999.7798, 5999.4853, 5998.8349, 5997.4533, 5994.6449, 5989.2166, 5979.3302, 5962.6275, 5937.2841, 5905.5805, 5882.701, 5905.5805, 5937.2841, 5962.6275, 5979.3302, 5989.2166, 5994.6449, 5997.4533, 5998.8349, 5999.4853, 5999.7798, 5999.9085, 5999.963, 5999.9854, 5999.9944, 5999.9979, 5999.9992, 5999.9997, 5999.9999, 6000.0, 6000.0, 6000.0, 6000.0, 6000.0, 6000.0, 6000.0, 6000.0, 6000.0, 6000.0, 6000.0, 6000.0, 6000.0, 6000.0, 5999.9999, 5999.9997, 5999.9991, 5999.9976, 5999.9936, 5999.9833, 5999.9575, 5999.8943, 5999.7434, 5999.3941, 5998.6114, 5996.9181, 5993.391, 5986.3372, 5972.8294, 5948.1536, 5905.5805, 5838.9812, 5763.261, 5838.9812, 5905.5805, 5948.1536, 5972.8294, 5986.3372, 5993.391, 5996.9181, 5998.6114, 5999.3941, 5999.7434, 5999.8943, 5999.9575, 5999.9833, 5999.9936, 5999.9976, 5999.9991, 5999.9997, 5999.9999, 6000.0, 6000.0, 6000.0, 6000.0, 6000.0, 6000.0, 6000.0, 6000.0, 6000.0, 6000.0, 6000.0, 6000.0, 6000.0, 6000.0, 5999.9999, 5999.9997, 5999.9991, 5999.9975, 5999.9933, 5999.9826, 5999.9555, 5999.889, 5999.7298, 5999.3595, 5998.5254, 5996.7075, 5992.8815, 5985.1044, 5969.7846, 5940.2121, 5882.701, 5763.261, 5472.8212, 5763.261, 5882.701, 5940.2121, 5969.7846, 5985.1044, 5992.8815, 5996.7075, 5998.5254, 5999.3595, 5999.7298, 5999.889, 5999.9555, 5999.9826, 5999.9933, 5999.9975, 5999.9991, 5999.9997, 5999.9999, 6000.0, 6000.0, 6000.0, 6000.0, 6000.0, 6000.0, 6000.0, 6000.0, 6000.0, 6000.0, 6000.0, 6000.0, 6000.0, 6000.0, 5999.9999, 5999.9997, 5999.9991, 5999.9976, 5999.9936, 5999.9833, 5999.9575, 5999.8943, 5999.7434, 5999.3941, 5998.6114, 5996.9181, 5993.391, 5986.3372, 5972.8294, 5948.1536, 5905.5805, 5838.9812, 5763.261, 5838.9812, 5905.5805, 5948.1536, 5972.8294, 5986.3372, 5993.391, 5996.9181, 5998.6114, 5999.3941, 5999.7434, 5999.8943, 5999.9575, 5999.9833, 5999.9936, 5999.9976, 5999.9991, 5999.9997, 5999.9999, 6000.0, 6000.0, 6000.0, 6000.0, 6000.0, 6000.0, 6000.0, 6000.0, 6000.0, 6000.0, 6000.0, 6000.0, 6000.0, 6000.0, 5999.9999, 5999.9997, 5999.9992, 5999.9979, 5999.9944, 5999.9854, 5999.963, 5999.9085, 5999.7798, 5999.4853, 5998.8349, 5997.4533, 5994.6449, 5989.2166, 5979.3302, 5962.6275, 5937.2841, 5905.5805, 5882.701, 5905.5805, 5937.2841, 5962.6275, 5979.3302, 5989.2166, 5994.6449, 5997.4533, 5998.8349, 5999.4853, 5999.7798, 5999.9085, 5999.963, 5999.9854, 5999.9944, 5999.9979, 5999.9992, 5999.9997, 5999.9999, 6000.0, 6000.0, 6000.0, 6000.0, 6000.0, 6000.0, 6000.0, 6000.0, 6000.0, 6000.0, 6000.0, 6000.0, 6000.0, 6000.0, 5999.9999, 5999.9998, 5999.9993, 5999.9982, 5999.9954, 5999.9882, 5999.9704, 5999.9276, 5999.828, 5999.6041, 5999.1194, 5998.1152, 5996.1365, 5992.463, 5986.1238, 5976.184, 5962.6275, 5948.1536, 5940.2121, 5948.1536, 5962.6275, 5976.184, 5986.1238, 5992.463, 5996.1365, 5998.1152, 5999.1194, 5999.6041, 5999.828, 5999.9276, 5999.9704, 5999.9882, 5999.9954, 5999.9982, 5999.9993, 5999.9998, 5999.9999, 6000.0, 6000.0, 6000.0, 6000.0, 6000.0, 6000.0, 6000.0, 6000.0, 6000.0, 6000.0, 6000.0, 6000.0, 6000.0, 6000.0, 5999.9999, 5999.9998, 5999.9995, 5999.9987, 5999.9965, 5999.9912, 5999.9781, 5999.9473, 5999.8768, 5999.7215, 5999.3932, 5998.7317, 5997.471, 5995.2242, 5991.5394, 5986.1238, 5979.3302, 5972.8294, 5969.7846, 5972.8294, 5979.3302, 5986.1238, 5991.5394, 5995.2242, 5997.471, 5998.7317, 5999.3932, 5999.7215, 5999.8768, 5999.9473, 5999.9781, 5999.9912, 5999.9965, 5999.9987, 5999.9995, 5999.9998, 5999.9999, 6000.0, 6000.0, 6000.0, 6000.0, 6000.0, 6000.0, 6000.0, 6000.0, 6000.0, 6000.0, 6000.0, 6000.0, 6000.0, 6000.0, 5999.9999, 5999.9999, 5999.9996, 5999.999, 5999.9975, 5999.9938, 5999.985, 5999.9644, 5999.9184, 5999.819, 5999.6144, 5999.2136, 5998.4748, 5997.2083, 5995.2242, 5992.463, 5989.2166, 5986.3372, 5985.1044, 5986.3372, 5989.2166, 5992.463, 5995.2242, 5997.2083, 5998.4748, 5999.2136, 5999.6144, 5999.819, 5999.9184, 5999.9644, 5999.985, 5999.9938, 5999.9975, 5999.999, 5999.9996, 5999.9999, 5999.9999, 6000.0, 6000.0, 6000.0, 6000.0, 6000.0, 6000.0, 6000.0, 6000.0, 6000.0, 6000.0, 6000.0, 6000.0, 6000.0, 6000.0, 6000.0, 5999.9999, 5999.9998, 5999.9994, 5999.9984, 5999.996, 5999.9904, 5999.9776, 5999.9495, 5999.8904, 5999.7716, 5999.5456, 5999.1421, 5998.4748, 5997.471, 5996.1365, 5994.6449, 5993.391, 5992.8815, 5993.391, 5994.6449, 5996.1365, 5997.471, 5998.4748, 5999.1421, 5999.5456, 5999.7716, 5999.8904, 5999.9495, 5999.9776, 5999.9904, 5999.996, 5999.9984, 5999.9994, 5999.9998, 5999.9999, 6000.0, 6000.0, 6000.0, 6000.0, 6000.0, 6000.0, 6000.0, 6000.0, 6000.0, 6000.0, 6000.0, 6000.0, 6000.0, 6000.0, 6000.0, 6000.0, 5999.9999, 5999.9998, 5999.9996, 5999.999, 5999.9975, 5999.9942, 5999.9867, 5999.9707, 5999.9376, 5999.8729, 5999.7531, 5999.5456, 5999.2136, 5998.7317, 5998.1152, 5997.4533, 5996.9181, 5996.7075, 5996.9181, 5997.4533, 5998.1152, 5998.7317, 5999.2136, 5999.5456, 5999.7531, 5999.8729, 5999.9376, 5999.9707, 5999.9867, 5999.9942, 5999.9975, 5999.999, 5999.9996, 5999.9998, 5999.9999, 6000.0, 6000.0, 6000.0, 6000.0, 6000.0, 6000.0, 6000.0, 6000.0, 6000.0, 6000.0, 6000.0, 6000.0, 6000.0, 6000.0, 6000.0, 6000.0, 6000.0, 5999.9999, 5999.9998, 5999.9994, 5999.9986, 5999.9967, 5999.9926, 5999.9839, 5999.9664, 5999.9331, 5999.8729, 5999.7716, 5999.6144, 5999.3932, 5999.1194, 5998.8349, 5998.6114, 5998.5254, 5998.6114, 5998.8349, 5999.1194, 5999.3932, 5999.6144, 5999.7716, 5999.8729, 5999.9331, 5999.9664, 5999.9839, 5999.9926, 5999.9967, 5999.9986, 5999.9994, 5999.9998, 5999.9999, 6000.0, 6000.0, 6000.0, 6000.0, 6000.0, 6000.0, 6000.0, 6000.0, 6000.0, 6000.0, 6000.0, 6000.0, 6000.0, 6000.0, 6000.0, 6000.0, 6000.0, 6000.0, 5999.9999, 5999.9999, 5999.9997, 5999.9992, 5999.9982, 5999.996, 5999.9916, 5999.9828, 5999.9664, 5999.9376, 5999.8904, 5999.819, 5999.7215, 5999.6041, 5999.4853, 5999.3941, 5999.3595, 5999.3941, 5999.4853, 5999.6041, 5999.7215, 5999.819, 5999.8904, 5999.9376, 5999.9664, 5999.9828, 5999.9916, 5999.996, 5999.9982, 5999.9992, 5999.9997, 5999.9999, 5999.9999, 6000.0, 6000.0, 6000.0, 6000.0, 6000.0, 6000.0, 6000.0, 6000.0, 6000.0, 6000.0, 6000.0, 6000.0, 6000.0, 6000.0, 6000.0, 6000.0, 6000.0, 6000.0, 6000.0, 5999.9999, 5999.9998, 5999.9996, 5999.9991, 5999.998, 5999.9958, 5999.9916, 5999.9839, 5999.9707, 5999.9495, 5999.9184, 5999.8768, 5999.828, 5999.7798, 5999.7434, 5999.7298, 5999.7434, 5999.7798, 5999.828, 5999.8768, 5999.9184, 5999.9495, 5999.9707, 5999.9839, 5999.9916, 5999.9958, 5999.998, 5999.9991, 5999.9996, 5999.9998, 5999.9999, 6000.0, 6000.0, 6000.0, 6000.0, 6000.0, 6000.0, 6000.0, 6000.0, 6000.0, 6000.0, 6000.0, 6000.0, 6000.0, 6000.0, 6000.0, 6000.0, 6000.0, 6000.0, 6000.0, 6000.0, 6000.0, 5999.9999, 5999.9998, 5999.9995, 5999.999, 5999.998, 5999.996, 5999.9926, 5999.9867, 5999.9776, 5999.9644, 5999.9473, 5999.9276, 5999.9085, 5999.8943, 5999.889, 5999.8943, 5999.9085, 5999.9276, 5999.9473, 5999.9644, 5999.9776, 5999.9867, 5999.9926, 5999.996, 5999.998, 5999.999, 5999.9995, 5999.9998, 5999.9999, 6000.0, 6000.0, 6000.0, 6000.0, 6000.0, 6000.0, 6000.0, 6000.0, 6000.0, 6000.0, 6000.0, 6000.0, 6000.0, 6000.0, 6000.0, 6000.0, 6000.0, 6000.0, 6000.0, 6000.0, 6000.0, 6000.0, 6000.0, 5999.9999, 5999.9998, 5999.9995, 5999.9991, 5999.9982, 5999.9967, 5999.9942, 5999.9904, 5999.985, 5999.9781, 5999.9704, 5999.963, 5999.9575, 5999.9555, 5999.9575, 5999.963, 5999.9704, 5999.9781, 5999.985, 5999.9904, 5999.9942, 5999.9967, 5999.9982, 5999.9991, 5999.9995, 5999.9998, 5999.9999, 6000.0, 6000.0, 6000.0, 6000.0, 6000.0, 6000.0, 6000.0, 6000.0, 6000.0, 6000.0, 6000.0, 6000.0, 6000.0, 6000.0, 6000.0, 6000.0, 6000.0, 6000.0, 6000.0, 6000.0, 6000.0, 6000.0, 6000.0, 6000.0, 6000.0, 5999.9999, 5999.9998, 5999.9996, 5999.9992, 5999.9986, 5999.9975, 5999.996, 5999.9938, 5999.9912, 5999.9882, 5999.9854, 5999.9833, 5999.9826, 5999.9833, 5999.9854, 5999.9882, 5999.9912, 5999.9938, 5999.996, 5999.9975, 5999.9986, 5999.9992, 5999.9996, 5999.9998, 5999.9999, 6000.0, 6000.0, 6000.0, 6000.0, 6000.0, 6000.0, 6000.0, 6000.0, 6000.0, 6000.0, 6000.0, 6000.0, 6000.0, 6000.0, 6000.0, 6000.0, 6000.0, 6000.0, 6000.0, 6000.0, 6000.0, 6000.0, 6000.0, 6000.0, 6000.0, 6000.0, 6000.0, 5999.9999, 5999.9998, 5999.9997, 5999.9994, 5999.999, 5999.9984, 5999.9975, 5999.9965, 5999.9954, 5999.9944, 5999.9936, 5999.9933, 5999.9936, 5999.9944, 5999.9954, 5999.9965, 5999.9975, 5999.9984, 5999.999, 5999.9994, 5999.9997, 5999.9998, 5999.9999, 6000.0, 6000.0, 6000.0, 6000.0, 6000.0, 6000.0, 6000.0, 6000.0, 6000.0, 6000.0, 6000.0, 6000.0, 6000.0, 6000.0, 6000.0, 6000.0, 6000.0, 6000.0, 6000.0, 6000.0, 6000.0, 6000.0, 6000.0, 6000.0, 6000.0, 6000.0, 6000.0, 6000.0, 6000.0, 5999.9999, 5999.9999, 5999.9998, 5999.9996, 5999.9994, 5999.999, 5999.9987, 5999.9982, 5999.9979, 5999.9976, 5999.9975, 5999.9976, 5999.9979, 5999.9982, 5999.9987, 5999.999, 5999.9994, 5999.9996, 5999.9998, 5999.9999, 5999.9999, 6000.0, 6000.0, 6000.0, 6000.0, 6000.0, 6000.0, 6000.0, 6000.0, 6000.0, 6000.0, 6000.0, 6000.0, 6000.0, 6000.0, 6000.0, 6000.0, 6000.0, 6000.0, 6000.0, 6000.0, 6000.0, 6000.0, 6000.0, 6000.0, 6000.0, 6000.0, 6000.0, 6000.0, 6000.0, 6000.0, 6000.0, 5999.9999, 5999.9999, 5999.9998, 5999.9998, 5999.9996, 5999.9995, 5999.9993, 5999.9992, 5999.9991, 5999.9991, 5999.9991, 5999.9992, 5999.9993, 5999.9995, 5999.9996, 5999.9998, 5999.9998, 5999.9999, 5999.9999, 6000.0, 6000.0, 6000.0, 6000.0, 6000.0, 6000.0, 6000.0, 6000.0, 6000.0, 6000.0, 6000.0, 6000.0, 6000.0, 6000.0, 6000.0, 6000.0, 6000.0, 6000.0, 6000.0, 6000.0, 6000.0, 6000.0, 6000.0, 6000.0, 6000.0, 6000.0, 6000.0, 6000.0, 6000.0, 6000.0, 6000.0, 6000.0, 6000.0, 6000.0, 5999.9999, 5999.9999, 5999.9999, 5999.9998, 5999.9998, 5999.9997, 5999.9997, 5999.9997, 5999.9997, 5999.9997, 5999.9998, 5999.9998, 5999.9999, 5999.9999, 5999.9999, 6000.0, 6000.0, 6000.0, 6000.0, 6000.0, 6000.0, 6000.0, 6000.0, 6000.0, 6000.0, 6000.0, 6000.0, 6000.0, 6000.0, 6000.0, 6000.0, 6000.0, 6000.0, 6000.0, 6000.0, 6000.0, 6000.0, 6000.0, 6000.0, 6000.0, 6000.0, 6000.0, 6000.0, 6000.0, 6000.0, 6000.0, 6000.0, 6000.0, 6000.0, 6000.0, 6000.0, 6000.0, 6000.0, 5999.9999, 5999.9999, 5999.9999, 5999.9999, 5999.9999, 5999.9999, 5999.9999, 5999.9999, 5999.9999, 5999.9999, 5999.9999, 6000.0, 6000.0, 6000.0, 6000.0, 6000.0, 6000.0, 6000.0, 6000.0, 6000.0, 6000.0, 6000.0, 6000.0, 6000.0, 6000.0, 6000.0, 6000.0, 6000.0, 6000.0, 6000.0, 6000.0, 6000.0, 6000.0, 6000.0, 6000.0, 6000.0, 6000.0, 6000.0, 6000.0, 6000.0, 6000.0, 6000.0, 6000.0, 6000.0, 6000.0, 6000.0, 6000.0, 6000.0, 6000.0, 6000.0, 6000.0, 6000.0, 6000.0, 6000.0, 6000.0, 6000.0, 6000.0, 6000.0, 6000.0, 6000.0, 6000.0, 6000.0, 6000.0, 6000.0, 6000.0, 6000.0, 6000.0, 6000.0, 6000.0, 6000.0, 6000.0, 6000.0, 6000.0, 6000.0, 6000.0, 6000.0, 6000.0, 6000.0, 6000.0, 6000.0, 6000.0, 6000.0, 6000.0, 6000.0, 6000.0, 6000.0, 6000.0, 6000.0, 6000.0, 6000.0, 6000.0, 6000.0, 6000.0, 6000.0, 6000.0, 6000.0, 6000.0, 6000.0, 6000.0, 6000.0, 6000.0, 6000.0, 6000.0, 6000.0, 6000.0, 6000.0, 6000.0, 6000.0, 6000.0, 6000.0, 6000.0, 6000.0, 6000.0, 6000.0, 6000.0, 6000.0, 6000.0, 6000.0, 6000.0, 6000.0, 6000.0, 6000.0, 6000.0, 6000.0, 6000.0, 6000.0, 6000.0, 6000.0, 6000.0, 6000.0, 6000.0, 6000.0, 6000.0, 6000.0, 6000.0, 6000.0, 6000.0, 6000.0, 6000.0, 6000.0, 6000.0, 6000.0, 6000.0, 6000.0, 6000.0, 6000.0, 6000.0, 6000.0, 6000.0, 6000.0, 6000.0, 6000.0, 6000.0, 6000.0, 6000.0, 6000.0, 6000.0, 6000.0, 6000.0, 6000.0, 6000.0, 6000.0, 6000.0, 6000.0, 6000.0, 6000.0, 6000.0, 6000.0, 6000.0, 6000.0, 6000.0, 6000.0, 6000.0, 6000.0, 6000.0, 6000.0, 6000.0, 6000.0, 6000.0, 6000.0, 6000.0, 6000.0, 6000.0, 6000.0, 6000.0, 6000.0, 6000.0, 6000.0, 6000.0, 6000.0, 6000.0, 6000.0, 6000.0, 6000.0, 6000.0, 6000.0, 6000.0, 6000.0, 6000.0, 6000.0, 6000.0, 6000.0, 6000.0, 6000.0, 6000.0, 6000.0, 6000.0, 6000.0, 6000.0, 6000.0, 6000.0, 6000.0, 6000.0, 6000.0, 6000.0, 6000.0, 6000.0, 6000.0, 6000.0, 6000.0, 6000.0, 6000.0, 6000.0, 6000.0, 6000.0, 6000.0, 6000.0, 6000.0, 6000.0, 6000.0, 6000.0, 6000.0, 6000.0, 6000.0, 6000.0, 6000.0, 6000.0, 6000.0, 6000.0, 6000.0, 6000.0, 6000.0, 6000.0, 6000.0, 6000.0, 6000.0, 6000.0, 6000.0, 6000.0, 6000.0, 6000.0, 6000.0, 6000.0, 6000.0, 6000.0, 6000.0, 6000.0, 6000.0, 6000.0, 6000.0, 6000.0, 6000.0, 6000.0, 6000.0, 6000.0, 6000.0, 6000.0, 6000.0, 6000.0, 6000.0, 6000.0, 6000.0, 6000.0, 6000.0, 6000.0, 6000.0, 6000.0, 6000.0, 6000.0, 6000.0, 6000.0, 6000.0, 6000.0, 6000.0, 6000.0, 6000.0, 6000.0, 6000.0, 6000.0, 6000.0, 6000.0, 6000.0, 6000.0, 6000.0, 6000.0, 6000.0, 6000.0, 6000.0, 6000.0, 6000.0, 6000.0, 6000.0, 6000.0, 6000.0, 6000.0, 6000.0, 6000.0, 6000.0, 6000.0, 6000.0, 6000.0, 6000.0, 6000.0, 6000.0, 6000.0, 6000.0, 6000.0, 6000.0, 6000.0, 6000.0, 6000.0, 6000.0, 6000.0, 6000.0, 6000.0, 6000.0, 6000.0, 6000.0, 6000.0, 6000.0, 6000.0, 6000.0, 6000.0, 6000.0, 6000.0, 6000.0, 6000.0, 6000.0, 6000.0, 6000.0, 6000.0, 6000.0, 6000.0, 6000.0, 6000.0, 6000.0, 6000.0, 6000.0, 6000.0, 6000.0, 6000.0, 6000.0, 6000.0, 6000.0, 6000.0, 6000.0, 6000.0, 6000.0, 6000.0, 6000.0, 6000.0, 6000.0, 6000.0, 6000.0, 6000.0, 6000.0, 6000.0, 6000.0, 6000.0, 6000.0, 6000.0, 6000.0, 6000.0, 6000.0, 6000.0, 6000.0, 6000.0, 6000.0, 6000.0, 6000.0, 6000.0, 6000.0, 6000.0, 6000.0, 6000.0, 6000.0, 6000.0, 6000.0];

pressure = reshape(pressure, [], 1);


show = true(G.cells.num,1);

plotCellData(G, pressure, show, ...
'EdgeColor','k' );

view(3), camproj perspective, colorbar

